c_1 = 0.3;
c_2 = 0.4;
GJ_1 = 8500;